1	0, 1, 2, 3, 4, 5, 6, 7, 8, 9
3	153, 370, 371, 407
4	1634, 8208, 9474
5	54748, 92727, 93084
6	548834
7	1741725, 4210818, 9800817, 9926315
8	24678050, 24678051, 88593477
9	146511208, 472335975, 534494836, 912985153
10	4679307774
11	32164049650, 32164049651, 40028394225, 42678290603, 44708635679, 49388550606, 82693916578, 94204591914
14	28116440335967
16	4338281769391370, 4338281769391371
17	21897142587612075, 35641594208964132, 35875699062250035
19	1517841543307505039, 3289582984443187032, 4498128791164624869, 492927388592808882